20 20 66208.492638 
20 20 66208.492901 
19 19 66208.493276 
18 18 66208.493797 
17 17 66208.494311 
16 16 66208.495202 
15 15 66208.496007 
14 14 66208.496776 
13 14 66208.497073 
14 13 66208.497239 
12 15 66208.497367 
15 12 66208.497519 
11 16 66208.497673 
10 15 66208.497829 
9 14 66208.497987 
8 13 66208.498144 
7 12 66208.498441 
6 11 66208.498854 
5 10 66208.499286 
4 9 66208.499695 
3 8 66208.500154 
2 7 66208.500598 
1 6 66208.500799 
0 5 66208.500977 
0 4 66208.501094 
0 3 66208.501215 
0 2 66208.501334 
0 1 66208.501451 
